95.5
95.5
95.5
95.5
95.5
95.5
95.5
95.5
95.5
95.5
95.5
95.5
95.5
95.5
96.2
96.5
96.5
96.5
96.5
96.5
96.5
96.5
97.2
97.5
97.5
97.5
97.5
97.5
97.5
97.5
97.5
97.5
97.5
96.8
97.2
96.8
96.5
96.5
96.5
96.5
96.5
96.5
96.5
96.5
96.5
96.5
96.5
96.5
96.5
96.5
96.5
97.2
96.8
97.2
97.5
97.5
97.5
97.5
97.5
97.5
97.5
97.5
97.5
97.5
97.5
98.3
98.6
98.6
98.6
98.6
98.6
98.6
98.6
98.6
98.6
98.6
98.6
98.6
98.6
98.6
98.6
98.6
98.6
98.6
98.6
98.6
98.6
98.6
98.6
98.6
97.8
97.5
97.5
97.5
97.5
97.5
97.5
97.5
97.5
97.5
97.5
97.5
97.5
97.5
97.5
97.5
97.5
97.5
97.5
97.5
97.5
97.5
97.5
97.5
97.5
97.5
97.5
97.5
97.5
97.5
97.5
97.5
97.5
97.5
97.5
97.5
97.5
97.5
97.5
97.5
97.5
97.5
97.5
97.5
97.5
97.5
98.3
98.6
98.6
98.6
98.6
98.6
98.6
98.6
98.6
98.6
98.6
98.6
98.6
98.6
98.6
98.6
98.6
98.6
98.6
98.6
98.6
98.6
98.6
98.6
98.6
98.6
98.6
97.8
97.5
97.5
97.5
97.5
97.5
97.5
97.5
97.5
97.5
97.5
97.5
97.5
97.5
97.5
97.5
97.5
97.5
97.5
97.5
97.5
97.5
97.5
97.5
97.5
97.5
97.5
97.5
98.3
98.6
98.6
98.6
98.6
98.6
98.6
97.8
97.5
97.5
97.5
97.5
97.5
97.5
97.5
97.5
97.5
97.5
98.3
98.6
98.6
98.6
98.6
98.6
98.6
98.6
98.6
98.6
98.6
98.6
98.6
98.6
97.8
97.5
97.5
97.5
97.5
97.5
97.5
97.5
97.5
97.5
97.5
97.5
97.5
98.3
98.6
98.6
98.6
97.8
98.3
98.6
98.6
98.6
97.8
97.5
97.5
97.5
97.5
97.5
97.5
97.5
97.5
97.5
97.5
97.5
97.5
97.5
97.5
97.5
97.5
97.5
97.5
97.5
97.5
97.5
97.5
97.5
97.5
97.5
97.5
96.8
96.5
96.5
96.5
96.5
96.5
97.3
97.5
97.5
97.5
97.5
97.5
97.5
97.5
97.5
97.5
97.5
97.5
97.5
98.3
98.6
98.6
98.6
98.6
98.6
98.6
98.6
97.8
97.5
97.5
97.5
97.5
97.5
97.5
97.5
97.5
97.5
97.5
97.5
97.5
97.5
97.5
97.5
97.5
97.5
97.5
97.5
97.5
97.5
97.5
97.5
97.5
97.5
97.5
97.5
97.5
97.5
97.5
97.5
97.5
97.5
97.5
97.5
98.3
98.6
98.6
98.6
97.8
97.5
97.5
97.5
97.5
97.5
97.5
97.5
97.5
97.5
97.5
97.5
97.5
97.5
97.5
97.5
97.5
97.5
97.5
97.5
97.5
97.5
97.5
97.5
97.5
97.5
96.8
96.5
96.5
96.5
96.5
96.5
96.5
96.5
96.5
96.5
96.5
96.5
96.5
96.5
96.5
96.5
96.5
96.5
96.5
96.5
96.5
96.5
96.5
96.5
96.5
96.5
96.5
96.5
96.5
96.5
96.5
96.5
96.5
96.5
96.5
96.5
96.5
96.5
96.5
96.5
96.5
96.5
96.5
96.5
96.5
96.5
96.5
96.5
96.5
96.5
96.5
96.5
96.5
96.5
97.3
97.5
97.5
97.5
97.5
97.5
97.5
97.5
97.5
97.5
97.5
97.5
97.5
97.5
97.5
97.5
97.5
97.5
97.5
97.5
97.5
97.5
97.5
97.5
97.5
97.5
97.5
97.5
97.5
97.5
97.5
97.5
97.5
97.5
97.5
97.5
98.3
98.6
98.6
98.6
98.6
98.6
98.6
98.6
98.6
98.6
98.6
97.8
97.5
97.5
97.5
97.5
96.8
96.5
96.5
96.5
95.8
96.3
96.5
96.5
96.5
96.5
97.3
97.5
97.5
97.5
97.5
97.5
97.5
97.5
97.5
97.5
97.5
97.5
97.5
97.5
97.5
97.5
96.8
96.5
96.5
96.5
96.5
96.5
96.5
97.3
97.5
97.5
97.5
97.5
97.5
97.5
97.5
97.5
97.5
97.5
97.5
97.5
97.5
97.5
97.5
97.5
96.8
96.5
96.5
96.5
96.5
96.5
96.5
96.5
96.5
96.5
96.5
96.5
96.5
96.5
96.5
96.5
97.3
97.5
97.5
97.5
97.5
97.5
97.5
97.5
97.5
97.5
97.5
97.5
97.5
97.5
97.5
97.5
97.5
97.5
97.5
97.5
97.5
97.5
97.5
97.5
97.5
97.5